mysql> select*from marks1 order by name desc;
+---------+-----+-------+-------+-------+-------+
| name    | id  | mark1 | mark2 | mark3 | mark4 |
+---------+-----+-------+-------+-------+-------+
| shubham | 512 |    72 |    76 |    61 |    50 |
| shiva   | 501 |    75 |    86 |    21 |    60 |
| priya   | 495 |    71 |    80 |    45 |    45 |
| aishu   | 571 |    92 |    78 |    65 |    40 |
+---------+-----+-------+-------+-------+-------+
4 rows in set (0.00 sec)

mysql> select*from marks1 order by name;
+---------+-----+-------+-------+-------+-------+
| name    | id  | mark1 | mark2 | mark3 | mark4 |
+---------+-----+-------+-------+-------+-------+
| aishu   | 571 |    92 |    78 |    65 |    40 |
| priya   | 495 |    71 |    80 |    45 |    45 |
| shiva   | 501 |    75 |    86 |    21 |    60 |
| shubham | 512 |    72 |    76 |    61 |    50 |
+---------+-----+-------+-------+-------+-------+
4 rows in set (0.00 sec)

mysql> select*from marks1 group by mark1;
+---------+-----+-------+-------+-------+-------+
| name    | id  | mark1 | mark2 | mark3 | mark4 |
+---------+-----+-------+-------+-------+-------+
| priya   | 495 |    71 |    80 |    45 |    45 |
| shubham | 512 |    72 |    76 |    61 |    50 |
| shiva   | 501 |    75 |    86 |    21 |    60 |
| aishu   | 571 |    92 |    78 |    65 |    40 |
+---------+-----+-------+-------+-------+-------+
4 rows in set (0.00 sec)

mysql> select*from marks1 group by mark1 desc;
+---------+-----+-------+-------+-------+-------+
| name    | id  | mark1 | mark2 | mark3 | mark4 |
+---------+-----+-------+-------+-------+-------+
| aishu   | 571 |    92 |    78 |    65 |    40 |
| shiva   | 501 |    75 |    86 |    21 |    60 |
| shubham | 512 |    72 |    76 |    61 |    50 |
| priya   | 495 |    71 |    80 |    45 |    45 |
+---------+-----+-------+-------+-------+-------+
4 rows in set (0.00 sec)

mysql> select*from marks1 where mark1 having mark1>80;
+-------+-----+-------+-------+-------+-------+
| name  | id  | mark1 | mark2 | mark3 | mark4 |
+-------+-----+-------+-------+-------+-------+
| aishu | 571 |    92 |    78 |    65 |    40 |
+-------+-----+-------+-------+-------+-------+
1 row in set (0.00 sec)